FH|20130205|033624||IF168
471|342|0000|118504|0000|000|20140315|EUR|442453,71|0
471|342|0000|118507|0000|000|20130131|EUR|0|15305,73
471|342|0000|118510|0000|000|20130131|EUR|0|0,00
471|342|0000|118519|0000|472|20130131|EUR|378462,05|0
471|342|0000|203301|0000|000|20130131|EUR|67698,78|0
471|342|0000|203301|0000|000|20130131|EUR|0|6480,35
471|342|0000|203301|0000|000|20130131|EUR|0|5719,40
471|342|0000|203301|0000|000|20130131|EUR|0|26386,48
471|342|0000|203301|0000|000|20130131|EUR|0|1267,42
471|342|0000|203301|0000|000|20130131|EUR|0|75907,47
471|342|0000|203301|0000|000|20130131|EUR|6241,45|0
471|342|0000|203301|0000|000|20130131|EUR|0|875,18
471|342|0000|203301|0000|000|20130131|EUR|2501,25|0
471|342|0000|140101|0000|000|20130131|EUR|0|28804,34
471|342|0000|140107|0000|000|20130131|EUR|0|1101,08
471|342|0000|143001|0000|000|20130131|EUR|4906,03|0
471|342|0000|230113|0000|000|20130131|EUR|72,97|0
471|342|0000|539550|0000|000|20130131|EUR|71,85|0
471|342|0000|514010|0000|000|20130131|EUR|0|94,60
471|342|0000|156101|0000|000|20130131|EUR|0|613171,66
471|342|0000|158504|0000|000|20130131|EUR|0|4418,17
471|342|0000|211507|3000|000|20130131|EUR|104187,59|0
471|342|0000|211507|3001|000|20130131|EUR|3486,17|0
471|342|0000|118519|3010|000|20130131|EUR|0|303,35
471|342|0000|203307|6006|000|20130131|EUR|0|17546,29
471|342|0000|134007|6006|000|20130131|EUR|0|20895,21
471|342|0000|134019|6006|000|20130131|EUR|0|928,49
471|342|0000|134007|6007|000|20130131|EUR|0|22967,82
471|342|0000|134019|6007|000|20130131|EUR|0|2097,01
471|342|0000|203307|6008|000|20130131|EUR|0|16482,78
471|342|0000|134007|6008|000|20130131|EUR|0|8553,72
471|342|0000|134019|6008|000|20130131|EUR|0|9098,75
471|342|0000|134007|6009|000|20130131|EUR|11639,82|0
471|342|0000|134019|6009|000|20130131|EUR|4423,63|0
471|342|0000|134007|6010|000|20130131|EUR|168,42|0
471|342|0000|134019|6010|000|20130131|EUR|0|3117,51
471|342|2835|711025|0000|000|20130131|EUR|4418,17|0
471|342|2835|711010|0000|000|20130131|EUR|613171,66|0
471|342|5000|534010|0000|000|20130131|EUR|1580,02|0
471|342|5000|533505|0000|000|20130131|EUR|152,97|0
471|342|5000|535020|0000|000|20130131|EUR|13193,24|0
471|342|5000|531005|3000|000|20130131|EUR|59990,91|0
471|342|5000|531010|3000|000|20130131|EUR|10862,18|0
471|342|5000|531070|3000|000|20130131|EUR|2457,64|0
471|342|5000|531075|3000|000|20130131|EUR|916,27|0
471|342|5000|532005|3000|000|20130131|EUR|85,04|0
471|342|5000|534010|3001|000|20130131|EUR|606,57|0
471|342|5000|531005|3001|000|20130131|EUR|54182,48|0
471|342|5000|531010|3001|000|20130131|EUR|0|1374,58
471|342|5000|532005|3001|000|20130131|EUR|642,87|0
471|342|5000|534010|7707|000|20130131|EUR|0|518,19
471|342|5000|531070|7707|000|20130131|EUR|68,00|0
471|342|5000|531075|7707|000|20130131|EUR|22,38|0
471|342|5100|534010|0000|000|20130131|EUR|1963,87|0
471|342|5100|533505|0000|000|20130131|EUR|152,97|0
471|342|5100|535020|0000|000|20130131|EUR|13193,24|0
471|342|5100|532010|0000|000|20130131|EUR|979,60|0
471|342|5100|531005|3000|000|20130131|EUR|83128,30|0
471|342|5100|531010|3000|000|20130131|EUR|1960,00|0
471|342|5100|531070|3000|000|20130131|EUR|0|0,00
471|342|5100|531075|3000|000|20130131|EUR|0|0,00
471|342|5100|532005|3000|000|20130131|EUR|0|406,29
471|342|5100|534010|3001|000|20130131|EUR|607,53|0
471|342|5100|531005|3001|000|20130131|EUR|40844,24|0
471|342|5100|531010|3001|000|20130131|EUR|4018,23|0
471|342|5100|532005|3001|000|20130131|EUR|1602,58|0
471|342|5100|544506|6006|000|20130131|EUR|3106,25|0
471|342|5100|580610|6006|000|20130131|EUR|947,82|0
471|342|5100|555005|6006|000|20130131|EUR|4031,98|0
471|342|5100|555505|6006|000|20130131|EUR|1321,20|0
471|342|5100|556020|6006|000|20130131|EUR|275,27|0
471|342|5100|556030|6006|000|20130131|EUR|62,85|0
471|342|5100|556010|6006|000|20130131|EUR|34,74|0
471|342|5100|544506|6007|000|20130131|EUR|3106,25|0
471|342|5100|580610|6007|000|20130131|EUR|947,82|0
471|342|5100|555005|6007|000|20130131|EUR|4031,98|0
471|342|5100|555505|6007|000|20130131|EUR|1321,18|0
471|342|5100|556020|6007|000|20130131|EUR|275,27|0
471|342|5100|556030|6007|000|20130131|EUR|62,85|0
471|342|5100|556010|6007|000|20130131|EUR|34,74|0
471|342|5100|544506|6008|000|20130131|EUR|3106,25|0
471|342|5100|580610|6008|000|20130131|EUR|947,83|0
471|342|5100|555005|6008|000|20130131|EUR|4031,98|0
471|342|5100|555505|6008|000|20130131|EUR|1321,20|0
471|342|5100|556020|6008|000|20130131|EUR|275,27|0
471|342|5100|556030|6008|000|20130131|EUR|62,85|0
471|342|5100|556010|6008|000|20130131|EUR|34,74|0
471|342|5100|544506|6009|000|20130131|EUR|3106,25|0
471|342|5100|580610|6009|000|20130131|EUR|947,82|0
471|342|5100|555005|6009|000|20130131|EUR|4031,98|0
471|342|5100|555505|6009|000|20130131|EUR|1321,20|0
471|342|5100|556020|6009|000|20130131|EUR|275,27|0
471|342|5100|556030|6009|000|20130131|EUR|62,85|0
471|342|5100|556010|6009|000|20130131|EUR|34,74|0
471|342|5100|531070|7707|000|20130131|EUR|69,00|0
471|342|5200|531044|6006|000|20130131|EUR|0|0,00
471|342|5200|531044|6007|000|20130131|EUR|0|0,00
471|342|5200|235705|6008|462|20130131|EUR|0|601,37
471|342|5200|531044|6008|000|20130131|EUR|0|0,00
471|342|5200|531044|6009|000|20130131|EUR|0|0,00
471|342|5220|535005|3000|000|20130131|EUR|21,07|0
471|342|5220|513005|6006|000|20130131|EUR|25684,08|0
471|342|5220|513035|6006|000|20130131|EUR|1774,55|0
471|342|5220|517095|6006|000|20130131|EUR|5931,60|0
471|342|5220|423005|6006|000|20130131|EUR|0|34652,71
471|342|5220|423030|6006|000|20130131|EUR|0|1804,55
471|342|5220|513005|6007|000|20130131|EUR|40051,43|0
471|342|5220|517095|6007|000|20130131|EUR|100,34|0
471|342|5220|423005|6007|000|20130131|EUR|0|66605,57
471|342|5220|513005|6008|000|20130131|EUR|17485,74|0
471|342|5220|513035|6008|000|20130131|EUR|1769,50|0
471|342|5220|517095|6008|000|20130131|EUR|4968,61|0
471|342|5220|423005|6008|000|20130131|EUR|0|28465,99
471|342|5220|423030|6008|000|20130131|EUR|0|1887,54
471|342|5220|513005|6009|000|20130131|EUR|37202,28|0
471|342|5220|517095|6009|000|20130131|EUR|0|56,20
471|342|5220|423005|6009|000|20130131|EUR|0|65414,01
471|342|5220|230113|6019|000|20130131|EUR|0|50,10
471|342|5220|230113|6019|000|20130131|EUR|0|450,88
471|342|5220|230113|6024|000|20130131|EUR|0|16,44
471|342|5220|230113|6024|000|20130131|EUR|0|147,94
471|342|5220|230113|6030|000|20130131|EUR|0|36,79
471|342|5220|230113|6030|000|20130131|EUR|0|331,12
471|342|5220|230113|6030|000|20130131|EUR|0|454,00
471|342|5220|230113|6031|000|20130131|EUR|0|17,81
471|342|5220|230113|6031|000|20130131|EUR|0|160,27
471|342|5220|230113|6031|000|20130131|EUR|0|3286,00
471|342|5220|230113|6033|000|20130131|EUR|0|315,00
471|342|5220|230113|6038|000|20130131|EUR|0|10,57
471|342|5220|230113|6038|000|20130131|EUR|0|95,10
471|342|5220|230113|6038|000|20130131|EUR|0|278,00
471|342|5220|203301|6060|000|20130131|EUR|0|2243,74
471|342|5220|203301|6062|000|20130131|EUR|0|2832,37
471|342|5220|203301|6067|000|20130131|EUR|0|3327,09
471|342|5225|574030|0000|000|20130131|EUR|22,00|0
471|342|5225|575010|6006|000|20130131|EUR|14,35|0
471|342|5225|575015|6006|000|20130131|EUR|0|0,00
471|342|5225|517095|6006|000|20130131|EUR|2824,06|0
471|342|5225|422015|6006|000|20130131|EUR|0|5177,66
471|342|5225|422030|6006|000|20130131|EUR|0|1244,36
471|342|5225|422005|6006|000|20130131|EUR|0|216,92
471|342|5225|422010|6006|000|20130131|EUR|0|7208,77
471|342|5225|575010|6007|000|20130131|EUR|23,15|0
471|342|5225|575015|6007|000|20130131|EUR|0|0,00
471|342|5225|517095|6007|000|20130131|EUR|178,75|0
471|342|5225|422015|6007|000|20130131|EUR|0|1343,23
471|342|5225|422030|6007|000|20130131|EUR|0|1197,67
471|342|5225|422005|6007|000|20130131|EUR|0|155,09
471|342|5225|422010|6007|000|20130131|EUR|0|5091,72
471|342|5225|575010|6008|000|20130131|EUR|22,36|0
471|342|5225|575015|6008|000|20130131|EUR|0|0,00
471|342|5225|517095|6008|000|20130131|EUR|949,76|0
471|342|5225|422015|6008|000|20130131|EUR|0|2089,94
471|342|5225|422030|6008|000|20130131|EUR|0|778,03
471|342|5225|422005|6008|000|20130131|EUR|0|111,85
471|342|5225|422010|6008|000|20130131|EUR|0|3137,41
471|342|5225|574020|6009|000|20130131|EUR|20,84|0
471|342|5225|517095|6009|000|20130131|EUR|111,96|0
471|342|5225|422015|6009|000|20130131|EUR|0|4849,02
471|342|5225|422030|6009|000|20130131|EUR|0|796,03
471|342|5225|422005|6009|000|20130131|EUR|0|186,84
471|342|5225|422010|6009|000|20130131|EUR|0|6424,71
471|342|5225|574020|6017|000|20130131|EUR|0|779,17
471|342|5225|575015|6017|000|20130131|EUR|0|0,00
471|342|5235|421120|6005|000|20130131|EUR|9345,71|0
471|342|5235|421105|6005|000|20130131|EUR|0|10867,10
471|342|5235|421120|6006|000|20130131|EUR|68075,67|0
471|342|5235|421105|6006|000|20130131|EUR|0|79157,76
471|342|5235|427260|6006|000|20130131|EUR|0|901,58
471|342|5235|516630|6006|000|20130131|EUR|0|1642,17
471|342|5235|421120|6007|000|20130131|EUR|85493,66|0
471|342|5235|421105|6007|000|20130131|EUR|0|119318,08
471|342|5235|427260|6007|000|20130131|EUR|0|1029,36
471|342|5235|516630|6007|000|20130131|EUR|0|2039,04
471|342|5235|421120|6008|000|20130131|EUR|53625,32|0
471|342|5235|421105|6008|000|20130131|EUR|0|62355,03
471|342|5235|427260|6008|000|20130131|EUR|0|986,11
471|342|5235|516630|6008|000|20130131|EUR|0|1293,59
471|342|5235|421120|6009|000|20130131|EUR|59677,50|0
471|342|5235|421105|6009|000|20130131|EUR|0|84411,52
471|342|5235|427260|6009|000|20130131|EUR|0|1103,03
471|342|5235|516630|6009|000|20130131|EUR|0|1449,85
471|342|5240|426115|6001|000|20130131|EUR|0|10,00
471|342|5240|426105|6001|000|20130131|EUR|22,73|0
471|342|5240|426115|6002|000|20130131|EUR|0|14,20
471|342|5240|426105|6002|000|20130131|EUR|32,11|0
471|342|5240|426115|6003|000|20130131|EUR|0|14,06
471|342|5240|426105|6003|000|20130131|EUR|31,96|0
471|342|5240|426115|6004|000|20130131|EUR|0|24,56
471|342|5240|426105|6004|000|20130131|EUR|55,82|0
471|342|5240|426115|6005|000|20130131|EUR|0|74,94
471|342|5240|426105|6005|000|20130131|EUR|170,32|0
471|342|5240|426115|6006|000|20130131|EUR|2276,27|0
471|342|5240|426105|6006|000|20130131|EUR|0|5173,34
471|342|5240|427260|6006|000|20130131|EUR|0|557,13
471|342|5240|516630|6006|000|20130131|EUR|0|206,83
471|342|5240|426115|6007|000|20130131|EUR|2345,54|0
471|342|5240|426105|6007|000|20130131|EUR|0|5330,78
471|342|5240|427260|6007|000|20130131|EUR|0|556,57
471|342|5240|516630|6007|000|20130131|EUR|0|168,49
471|342|5240|426115|6008|000|20130131|EUR|925,83|0
471|342|5240|426105|6008|000|20130131|EUR|0|2104,17
471|342|5240|427260|6008|000|20130131|EUR|0|418,94
471|342|5240|516630|6008|000|20130131|EUR|0|88,74
471|342|5240|426115|6009|000|20130131|EUR|1252,91|0
471|342|5240|426105|6009|000|20130131|EUR|0|2847,53
471|342|5240|427260|6009|000|20130131|EUR|0|468,61
471|342|5240|516630|6009|000|20130131|EUR|0|96,17
471|342|5240|426115|6017|000|20130131|EUR|0|27,48
471|342|5240|426105|6017|000|20130131|EUR|62,45|0
471|342|5240|426115|6018|000|20130131|EUR|0|21,34
471|342|5240|426105|6018|000|20130131|EUR|48,51|0
471|342|5245|510505|6001|000|20130131|EUR|0|5775,00
471|342|5245|510510|6001|000|20130131|EUR|5775,00|0
471|342|5245|510505|6002|000|20130131|EUR|0|5548,20
471|342|5245|510510|6002|000|20130131|EUR|5548,20|0
471|342|5245|581010|6002|000|20130131|EUR|0,37|0
471|342|5245|510505|6003|000|20130131|EUR|0|5560,80
471|342|5245|510510|6003|000|20130131|EUR|5560,80|0
471|342|5245|510505|6004|000|20130131|EUR|0|6421,80
471|342|5245|510510|6004|000|20130131|EUR|6421,80|0
471|342|5245|510505|6005|000|20130131|EUR|0|13342,00
471|342|5245|510510|6005|000|20130131|EUR|13342,00|0
471|342|5245|581010|6005|000|20130131|EUR|0,37|0
471|342|5245|510505|6006|000|20130131|EUR|11224,96|0
471|342|5245|510510|6006|000|20130131|EUR|441,92|0
471|342|5245|510520|6006|000|20130131|EUR|1163,51|0
471|342|5245|576005|6006|000|20130131|EUR|254,66|0
471|342|5245|537020|6006|000|20130131|EUR|14513,80|0
471|342|5245|517095|6006|000|20130131|EUR|14221,44|0
471|342|5245|581010|6006|000|20130131|EUR|105,16|0
471|342|5245|420505|6006|000|20130131|EUR|0|51618,39
471|342|5245|420520|6006|000|20130131|EUR|0|4416,00
471|342|5245|420535|6006|000|20130131|EUR|456,11|0
471|342|5245|510505|6007|000|20130131|EUR|16362,37|0
471|342|5245|510510|6007|000|20130131|EUR|18,48|0
471|342|5245|510520|6007|000|20130131|EUR|1200,61|0
471|342|5245|576005|6007|000|20130131|EUR|371,01|0
471|342|5245|537020|6007|000|20130131|EUR|15626,80|0
471|342|5245|517095|6007|000|20130131|EUR|820,43|0
471|342|5245|420505|6007|000|20130131|EUR|0|46413,87
471|342|5245|420520|6007|000|20130131|EUR|0|3599,23
471|342|5245|420535|6007|000|20130131|EUR|599,64|0
471|342|5245|510505|6008|000|20130131|EUR|9516,91|0
471|342|5245|510510|6008|000|20130131|EUR|235,85|0
471|342|5245|510520|6008|000|20130131|EUR|1312,36|0
471|342|5245|576005|6008|000|20130131|EUR|227,77|0
471|342|5245|537020|6008|000|20130131|EUR|14474,60|0
471|342|5245|517095|6008|000|20130131|EUR|7911,78|0
471|342|5245|420505|6008|000|20130131|EUR|0|28108,96
471|342|5245|420520|6008|000|20130131|EUR|0|3052,51
471|342|5245|420535|6008|000|20130131|EUR|483,31|0
471|342|5245|510505|6009|000|20130131|EUR|14179,99|0
471|342|5245|510510|6009|000|20130131|EUR|378,54|0
471|342|5245|510520|6009|000|20130131|EUR|2461,47|0
471|342|5245|576005|6009|000|20130131|EUR|303,92|0
471|342|5245|537020|6009|000|20130131|EUR|15134,00|0
471|342|5245|517095|6009|000|20130131|EUR|792,48|0
471|342|5245|420505|6009|000|20130131|EUR|0|39330,71
471|342|5245|420520|6009|000|20130131|EUR|0|2910,72
471|342|5245|420517|6009|000|20130131|EUR|0|360,47
471|342|5245|420535|6009|000|20130131|EUR|465,27|0
471|342|5245|510505|6010|000|20130131|EUR|23428,07|0
471|342|5245|510510|6010|000|20130131|EUR|287,41|0
471|342|5245|510520|6010|000|20130131|EUR|1258,58|0
471|342|5245|576005|6010|000|20130131|EUR|209,20|0
471|342|5245|510505|6017|000|20130131|EUR|0|7716,80
471|342|5245|510510|6017|000|20130131|EUR|7716,80|0
471|342|5245|510505|6018|000|20130131|EUR|0|5632,20
471|342|5245|510510|6018|000|20130131|EUR|5632,20|0
471|342|5245|581010|6018|000|20130131|EUR|107,45|0
471|342|5245|230195|6019|000|20130131|EUR|0|174,55
471|342|5245|230113|6030|000|20130131|EUR|0|448,00
471|342|5245|230113|6037|000|20130131|EUR|0|1176,00
471|342|5245|581010|6054|000|20130131|EUR|164,64|0
471|342|5245|534010|7707|000|20130131|EUR|145,20|0
471|342|5245|581010|7707|000|20130131|EUR|0,14|0
471|342|5245|581010|7707|000|20130131|EUR|0|8,92
471|342|5250|421620|6006|000|20130131|EUR|2197,51|0
471|342|5250|517095|6006|000|20130131|EUR|976,57|0
471|342|5250|421605|6006|000|20130131|EUR|0|5803,08
471|342|5250|427260|6006|000|20130131|EUR|0|281,24
471|342|5250|516630|6006|000|20130131|EUR|0|174,49
471|342|5250|421620|6007|000|20130131|EUR|2442,78|0
471|342|5250|517095|6007|000|20130131|EUR|495,67|0
471|342|5250|421605|6007|000|20130131|EUR|0|6535,26
471|342|5250|427260|6007|000|20130131|EUR|0|314,77
471|342|5250|516630|6007|000|20130131|EUR|0|198,49
471|342|5250|421620|6008|000|20130131|EUR|1865,81|0
471|342|5250|517095|6008|000|20130131|EUR|860,20|0
471|342|5250|421605|6008|000|20130131|EUR|0|5030,59
471|342|5250|427260|6008|000|20130131|EUR|0|276,25
471|342|5250|516630|6008|000|20130131|EUR|0|153,69
471|342|5250|421620|6009|000|20130131|EUR|2492,02|0
471|342|5250|517095|6009|000|20130131|EUR|607,70|0
471|342|5250|421605|6009|000|20130131|EUR|0|6840,08
471|342|5250|427260|6009|000|20130131|EUR|0|315,41
471|342|5250|516630|6009|000|20130131|EUR|0|215,22
471|342|5255|421620|6006|000|20130131|EUR|1082,18|0
471|342|5255|421605|6006|000|20130131|EUR|0|1803,64
471|342|5255|421620|6007|000|20130131|EUR|1460,65|0
471|342|5255|421605|6007|000|20130131|EUR|0|2434,42
471|342|5255|421620|6008|000|20130131|EUR|1062,70|0
471|342|5255|421605|6008|000|20130131|EUR|0|1771,17
471|342|5255|421620|6009|000|20130131|EUR|2067,41|0
471|342|5255|421605|6009|000|20130131|EUR|0|3445,68
471|342|5260|423610|0000|000|20130131|EUR|7500,00|0
471|342|5260|580905|0000|000|20130131|EUR|10892,42|0
471|342|5260|423605|0000|000|20130131|EUR|0|19400,00
471|342|5260|513525|6001|000|20130131|EUR|651,58|0
471|342|5260|513525|6002|000|20130131|EUR|0|2650,22
471|342|5260|513525|6003|000|20130131|EUR|546,69|0
471|342|5260|513525|6004|000|20130131|EUR|476,77|0
471|342|5260|513525|6005|000|20130131|EUR|0|1731,64
471|342|5260|421620|6006|000|20130131|EUR|1349,78|0
471|342|5260|513525|6006|000|20130131|EUR|1522,35|0
471|342|5260|517095|6006|000|20130131|EUR|1551,26|0
471|342|5260|423505|6006|000|20130131|EUR|0|271,68
471|342|5260|423520|6006|000|20130131|EUR|0|1072,97
471|342|5260|421605|6006|000|20130131|EUR|0|1928,26
471|342|5260|423525|6006|000|20130131|EUR|0|3742,25
471|342|5260|423515|6006|000|20130131|EUR|0|3020,69
471|342|5260|423605|6006|000|20130131|EUR|0|364,96
471|342|5260|421620|6007|000|20130131|EUR|1313,55|0
471|342|5260|513525|6007|000|20130131|EUR|1323,10|0
471|342|5260|517095|6007|000|20130131|EUR|116,82|0
471|342|5260|423505|6007|000|20130131|EUR|0|742,33
471|342|5260|423520|6007|000|20130131|EUR|0|1717,50
471|342|5260|421605|6007|000|20130131|EUR|0|1876,50
471|342|5260|423525|6007|000|20130131|EUR|0|3252,47
471|342|5260|423515|6007|000|20130131|EUR|0|2429,94
471|342|5260|423605|6007|000|20130131|EUR|0|191,63
471|342|5260|421620|6008|000|20130131|EUR|1117,91|0
471|342|5260|513525|6008|000|20130131|EUR|933,96|0
471|342|5260|517095|6008|000|20130131|EUR|947,58|0
471|342|5260|423505|6008|000|20130131|EUR|0|30,07
471|342|5260|423520|6008|000|20130131|EUR|0|878,64
471|342|5260|421605|6008|000|20130131|EUR|0|1597,01
471|342|5260|423525|6008|000|20130131|EUR|0|2255,13
471|342|5260|423515|6008|000|20130131|EUR|0|1712,14
471|342|5260|423605|6008|000|20130131|EUR|0|279,64
471|342|5260|421620|6009|000|20130131|EUR|1032,57|0
471|342|5260|513525|6009|000|20130131|EUR|1055,37|0
471|342|5260|517095|6009|000|20130131|EUR|152,46|0
471|342|5260|423505|6009|000|20130131|EUR|0|379,24
471|342|5260|423520|6009|000|20130131|EUR|0|1221,57
471|342|5260|421605|6009|000|20130131|EUR|0|1475,10
471|342|5260|423525|6009|000|20130131|EUR|0|2545,81
471|342|5260|423515|6009|000|20130131|EUR|0|1901,45
471|342|5260|423605|6009|000|20130131|EUR|0|250,95
471|342|5260|513525|6017|000|20130131|EUR|705,62|0
471|342|5260|513525|6018|000|20130131|EUR|549,87|0
471|342|5260|423605|7707|000|20130131|EUR|95,00|0
471|342|5265|531005|3000|000|20130131|EUR|7421,00|0
471|342|5265|531010|3000|000|20130131|EUR|921,76|0
471|342|5265|532005|3000|000|20130131|EUR|0|0,00
471|342|5265|531046|3000|000|20130131|EUR|4181,67|0
471|342|5265|531005|3001|000|20130131|EUR|3702,36|0
471|342|5265|532005|3001|000|20130131|EUR|136,65|0
471|342|5265|531046|3001|000|20130131|EUR|5902,37|0
471|342|5265|424015|6001|000|20130131|EUR|689,35|0
471|342|5265|424010|6001|000|20130131|EUR|0|689,35
471|342|5265|424015|6002|000|20130131|EUR|98,78|0
471|342|5265|424010|6002|000|20130131|EUR|0|98,78
471|342|5265|424015|6003|000|20130131|EUR|325,91|0
471|342|5265|424010|6003|000|20130131|EUR|0|325,91
471|342|5265|424015|6004|000|20130131|EUR|512,08|0
471|342|5265|424010|6004|000|20130131|EUR|0|512,08
471|342|5265|424015|6005|000|20130131|EUR|1377,03|0
471|342|5265|424010|6005|000|20130131|EUR|0|1377,03
471|342|5265|514010|6006|000|20130131|EUR|51,28|0
471|342|5265|564005|6006|000|20130131|EUR|877,21|0
471|342|5265|517095|6006|000|20130131|EUR|336,33|0
471|342|5265|424015|6006|000|20130131|EUR|0|122,94
471|342|5265|424010|6006|000|20130131|EUR|0|1909,24
471|342|5265|514010|6007|000|20130131|EUR|77,50|0
471|342|5265|564005|6007|000|20130131|EUR|2019,51|0
471|342|5265|517095|6007|000|20130131|EUR|48,92|0
471|342|5265|424015|6007|000|20130131|EUR|0|165,65
471|342|5265|424010|6007|000|20130131|EUR|0|2633,47
471|342|5265|514010|6008|000|20130131|EUR|25,79|0
471|342|5265|564005|6008|000|20130131|EUR|9072,96|0
471|342|5265|517095|6008|000|20130131|EUR|198,85|0
471|342|5265|424015|6008|000|20130131|EUR|0|102,98
471|342|5265|424010|6008|000|20130131|EUR|0|1098,53
471|342|5265|514010|6009|000|20130131|EUR|0|478,07
471|342|5265|564005|6009|000|20130131|EUR|1978,45|0
471|342|5265|517095|6009|000|20130131|EUR|5,97|0
471|342|5265|424015|6009|000|20130131|EUR|0|175,48
471|342|5265|424010|6009|000|20130131|EUR|0|1647,45
471|342|5265|514010|6010|000|20130131|EUR|2564,01|0
471|342|5265|581020|6010|000|20130131|EUR|788,99|0
471|342|5265|424015|6017|000|20130131|EUR|327,99|0
471|342|5265|424010|6017|000|20130131|EUR|0|327,99
471|342|5265|424015|6018|000|20130131|EUR|53,69|0
471|342|5265|424010|6018|000|20130131|EUR|0|53,69
471|342|5265|581010|7707|000|20130131|EUR|102,30|0
471|342|5280|573010|0000|000|20130131|EUR|138023,98|0
471|342|5280|573035|0000|000|20130131|EUR|2160,00|0
471|342|5280|573025|0000|000|20130131|EUR|8392,09|0
471|342|5280|573055|0000|000|20130131|EUR|400,00|0
471|342|5280|573010|6006|000|20130131|EUR|976,76|0
471|342|5280|573005|6007|000|20130131|EUR|19,90|0
471|342|5280|573005|6009|000|20130131|EUR|747,64|0
471|342|5280|573010|7707|000|20130131|EUR|60,00|0
471|342|5315|572010|0000|000|20130131|EUR|1767,42|0
471|342|5315|516605|0000|000|20130131|EUR|0|7938,70
471|342|5315|517004|6006|000|20130131|EUR|0|11,48
471|342|5315|516605|6006|000|20130131|EUR|1675,74|0
471|342|5315|517095|6006|000|20130131|EUR|204,84|0
471|342|5315|427055|6006|000|20130131|EUR|0|559,41
471|342|5315|427063|6006|000|20130131|EUR|0|62,73
471|342|5315|427004|6006|000|20130131|EUR|0|289,67
471|342|5315|517004|6007|000|20130131|EUR|0|3,83
471|342|5315|516605|6007|000|20130131|EUR|2929,37|0
471|342|5315|517095|6007|000|20130131|EUR|15,81|0
471|342|5315|427055|6007|000|20130131|EUR|0|256,31
471|342|5315|427063|6007|000|20130131|EUR|0|50,18
471|342|5315|427004|6007|000|20130131|EUR|0|100,64
471|342|5315|517004|6008|000|20130131|EUR|0|11,28
471|342|5315|516605|6008|000|20130131|EUR|1149,53|0
471|342|5315|517095|6008|000|20130131|EUR|504,40|0
471|342|5315|427055|6008|000|20130131|EUR|0|204,81
471|342|5315|427063|6008|000|20130131|EUR|0|29,57
471|342|5315|427004|6008|000|20130131|EUR|0|510,39
471|342|5315|516605|6009|000|20130131|EUR|2146,39|0
471|342|5315|517095|6009|000|20130131|EUR|5,97|0
471|342|5315|427055|6009|000|20130131|EUR|0|146,41
471|342|5315|427063|6009|000|20130131|EUR|0|2,46
471|342|5315|427004|6009|000|20130131|EUR|0|533,55
471|342|5315|516605|6019|000|20130131|EUR|0|0,00
471|342|5315|516605|6030|000|20130131|EUR|0|0,00
471|342|5315|516605|6031|000|20130131|EUR|0|0,00
471|342|5315|516605|6033|000|20130131|EUR|0|0,00
471|342|5315|516605|6037|000|20130131|EUR|0|0,00
471|342|5315|516605|6038|000|20130131|EUR|0|0,00
471|342|5315|516605|6062|000|20130131|EUR|783,95|0
471|342|5315|516605|7707|000|20130131|EUR|0|783,95
471|342|5500|535005|0000|000|20130131|EUR|1940,04|0
471|343|0000|203301|0000|000|20130131|EUR|0|0,00
471|343|0000|140111|0000|000|20130131|EUR|0|5423,74
471|343|0000|514010|0000|000|20130131|EUR|0|0,00
471|344|0000|118504|0000|000|20130131|EUR|395441,85|0
471|344|0000|118510|0000|000|20130131|EUR|0|0,00
471|344|0000|118519|0000|472|20130131|EUR|413225,01|0
471|344|0000|203301|0000|000|20130131|EUR|30569,30|0
471|344|0000|203301|0000|000|20130131|EUR|38847,07|0
471|344|0000|203301|0000|000|20130131|EUR|3514,27|0
471|344|0000|203301|0000|000|20130131|EUR|0|26386,48
471|344|0000|203301|0000|000|20130131|EUR|0|19976,05
471|344|0000|203301|0000|000|20130131|EUR|6136,04|0
471|344|0000|203301|0000|000|20130131|EUR|0|726,36
471|344|0000|203301|0000|000|20130131|EUR|655,94|0
471|344|0000|140101|0000|000|20130131|EUR|0|31007,31
471|344|0000|140111|0000|000|20130131|EUR|0|5417,61
471|344|0000|140107|0000|000|20130131|EUR|0|831,75
471|344|0000|143001|0000|000|20130131|EUR|2785,01|0
471|344|0000|230113|0000|000|20130131|EUR|24,28|0
471|344|0000|539550|0000|000|20130131|EUR|0|0,00
471|344|0000|514010|0000|000|20130131|EUR|94,60|0
471|344|0000|134007|0000|000|20130131|EUR|2157,08|0
471|344|0000|156101|0000|000|20130131|EUR|0|585320,84
471|344|0000|158504|0000|000|20130131|EUR|0|6790,61
471|344|0000|156204|0000|000|20130131|EUR|0|321201,22
471|344|0000|173201|0000|000|20130131|EUR|0|4747,88
471|344|0000|211507|3000|000|20130131|EUR|142386,94|0
471|344|0000|211507|3001|000|20130131|EUR|8867,70|0
471|344|0000|118519|3010|000|20130131|EUR|0|312739,54
471|344|0000|134007|6005|000|20130131|EUR|9503,47|0
471|344|0000|134019|6005|000|20130131|EUR|0|4998,42
471|344|0000|134007|6006|000|20130131|EUR|13926,08|0
471|344|0000|134019|6006|000|20130131|EUR|0|4120,83
471|344|0000|134007|6007|000|20130131|EUR|19452,00|0
471|344|0000|134019|6007|000|20130131|EUR|0|3225,34
471|344|0000|134007|6008|000|20130131|EUR|5134,71|0
471|344|0000|134019|6008|000|20130131|EUR|0|3546,32
471|344|0000|134007|6036|000|20130131|EUR|0|2157,08
471|344|2835|711015|0000|000|20130131|EUR|321201,22|0
471|344|2835|711025|0000|000|20130131|EUR|6790,61|0
471|344|2835|711010|0000|000|20130131|EUR|585320,84|0
471|344|5000|534010|0000|000|20130131|EUR|3616,51|0
471|344|5000|533505|0000|000|20130131|EUR|152,97|0
471|344|5000|535020|0000|000|20130131|EUR|13193,24|0
471|344|5000|532010|0000|000|20130131|EUR|492,19|0
471|344|5000|531005|3000|000|20130131|EUR|73702,67|0
471|344|5000|531010|3000|000|20130131|EUR|1853,40|0
471|344|5000|531070|3000|000|20130131|EUR|4986,68|0
471|344|5000|531075|3000|000|20130131|EUR|1859,45|0
471|344|5000|532005|3000|000|20130131|EUR|525,32|0
471|344|5000|534010|3001|000|20130131|EUR|340,74|0
471|344|5000|531005|3001|000|20130131|EUR|45497,53|0
471|344|5000|531010|3001|000|20130131|EUR|8315,44|0
471|344|5000|531020|3001|000|20130131|EUR|0|0,00
471|344|5000|532005|3001|000|20130131|EUR|462,81|0
471|344|5000|534010|7707|000|20130131|EUR|3,91|0
471|344|5000|531005|7707|000|20130131|EUR|2109,55|0
471|344|5000|531070|7707|000|20130131|EUR|0|2382,77
471|344|5000|531075|7707|000|20130131|EUR|0|0,81
471|344|5100|534010|0000|000|20130131|EUR|3605,34|0
471|344|5100|533505|0000|000|20130131|EUR|152,97|0
471|344|5100|535020|0000|000|20130131|EUR|13193,24|0
471|344|5100|532010|0000|000|20130131|EUR|492,18|0
471|344|5100|531005|3000|000|20130131|EUR|91846,09|0
471|344|5100|531010|3000|000|20130131|EUR|1660,00|0
471|344|5100|531070|3000|000|20130131|EUR|1918,08|0
471|344|5100|531075|3000|000|20130131|EUR|715,11|0
471|344|5100|532005|3000|000|20130131|EUR|1175,93|0
471|344|5100|534010|3001|000|20130131|EUR|336,91|0
471|344|5100|531005|3001|000|20130131|EUR|39937,72|0
471|344|5100|531010|3001|000|20130131|EUR|2420,14|0
471|344|5100|544506|6005|000|20130131|EUR|3310,70|0
471|344|5100|580610|6005|000|20130131|EUR|947,52|0
471|344|5100|555005|6005|000|20130131|EUR|4378,28|0
471|344|5100|555505|6005|000|20130131|EUR|1319,67|0
471|344|5100|556020|6005|000|20130131|EUR|207,94|0
471|344|5100|556030|6005|000|20130131|EUR|62,85|0
471|344|5100|556010|6005|000|20130131|EUR|34,74|0
471|344|5100|544506|6006|000|20130131|EUR|3310,70|0
471|344|5100|580610|6006|000|20130131|EUR|947,52|0
471|344|5100|555005|6006|000|20130131|EUR|4378,28|0
471|344|5100|555505|6006|000|20130131|EUR|1319,66|0
471|344|5100|556020|6006|000|20130131|EUR|207,94|0
471|344|5100|556030|6006|000|20130131|EUR|62,85|0
471|344|5100|556010|6006|000|20130131|EUR|34,74|0
471|344|5100|544506|6007|000|20130131|EUR|3310,70|0
471|344|5100|580610|6007|000|20130131|EUR|947,52|0
471|344|5100|555005|6007|000|20130131|EUR|4378,28|0
471|344|5100|555505|6007|000|20130131|EUR|1319,66|0
471|344|5100|556020|6007|000|20130131|EUR|207,94|0
471|344|5100|556030|6007|000|20130131|EUR|62,85|0
471|344|5100|556010|6007|000|20130131|EUR|34,74|0
471|344|5100|544506|6008|000|20130131|EUR|3310,70|0
471|344|5100|580610|6008|000|20130131|EUR|947,52|0
471|344|5100|555005|6008|000|20130131|EUR|4378,28|0
471|344|5100|555505|6008|000|20130131|EUR|1319,67|0
471|344|5100|556020|6008|000|20130131|EUR|207,94|0
471|344|5100|556030|6008|000|20130131|EUR|62,85|0
471|344|5100|556010|6008|000|20130131|EUR|34,74|0
471|344|5100|534010|7707|000|20130131|EUR|0|0,44
471|344|5100|531005|7707|000|20130131|EUR|2109,54|0
471|344|5100|531070|7707|000|20130131|EUR|0|2556,16
471|344|5200|531044|6005|000|20130131|EUR|0|0,00
471|344|5200|531044|6006|000|20130131|EUR|0|0,00
471|344|5200|531044|6007|000|20130131|EUR|0|0,00
471|344|5200|531044|6008|000|20130131|EUR|0|0,00
471|344|5220|535005|3000|000|20130131|EUR|196,39|0
471|344|5220|513005|6004|000|20130131|EUR|6,83|0
471|344|5220|513005|6005|000|20130131|EUR|56636,90|0
471|344|5220|517095|6005|000|20130131|EUR|360,31|0
471|344|5220|423005|6005|000|20130131|EUR|0|88966,73
471|344|5220|513005|6006|000|20130131|EUR|76100,04|0
471|344|5220|517095|6006|000|20130131|EUR|353,58|0
471|344|5220|423005|6006|000|20130131|EUR|0|115165,33
471|344|5220|513005|6007|000|20130131|EUR|68859,60|0
471|344|5220|517095|6007|000|20130131|EUR|685,29|0
471|344|5220|423005|6007|000|20130131|EUR|0|107780,57
471|344|5220|513005|6008|000|20130131|EUR|37083,53|0
471|344|5220|517095|6008|000|20130131|EUR|0|18,26
471|344|5220|423005|6008|000|20130131|EUR|0|62611,52
471|344|5220|230113|6010|000|20130131|EUR|0|228,83
471|344|5220|230113|6014|000|20130131|EUR|0|31,00
471|344|5220|230113|6014|000|20130131|EUR|0|278,98
471|344|5220|230113|6017|000|20130131|EUR|0|59,30
471|344|5220|230113|6017|000|20130131|EUR|0|533,66
471|344|5220|230113|6018|000|20130131|EUR|0|15,56
471|344|5220|230113|6018|000|20130131|EUR|0|140,02
471|344|5220|230113|6019|000|20130131|EUR|0|30,82
471|344|5220|230113|6019|000|20130131|EUR|0|277,40
471|344|5220|230113|6022|000|20130131|EUR|0|184,00
471|344|5220|230113|6025|000|20130131|EUR|0|12,72
471|344|5220|230113|6025|000|20130131|EUR|0|114,48
471|344|5220|230113|6025|000|20130131|EUR|0|186,00
471|344|5220|230113|6039|000|20130131|EUR|0|13,11
471|344|5220|230113|6039|000|20130131|EUR|0|118,01
471|344|5225|574030|0000|000|20130131|EUR|11,00|0
471|344|5225|531005|0000|000|20130131|EUR|333,56|0
471|344|5225|531020|0000|000|20130131|EUR|323,44|0
471|344|5225|575010|6003|000|20130131|EUR|0|5404,91
471|344|5225|575015|6003|000|20130131|EUR|0|0,00
471|344|5225|575010|6005|000|20130131|EUR|18,01|0
471|344|5225|517095|6005|000|20130131|EUR|587,13|0
471|344|5225|422015|6005|000|20130131|EUR|0|7881,34
471|344|5225|422030|6005|000|20130131|EUR|0|1858,81
471|344|5225|422005|6005|000|20130131|EUR|0|507,86
471|344|5225|422020|6005|000|20130131|EUR|0|479,07
471|344|5225|422010|6005|000|20130131|EUR|0|9787,08
471|344|5225|575010|6006|000|20130131|EUR|26,79|0
471|344|5225|575015|6006|000|20130131|EUR|0|0,00
471|344|5225|517095|6006|000|20130131|EUR|1125,92|0
471|344|5225|422015|6006|000|20130131|EUR|0|5656,15
471|344|5225|422030|6006|000|20130131|EUR|0|1184,14
471|344|5225|422005|6006|000|20130131|EUR|0|246,22
471|344|5225|422020|6006|000|20130131|EUR|0|172,38
471|344|5225|422010|6006|000|20130131|EUR|0|12085,26
471|344|5225|575010|6007|000|20130131|EUR|16,71|0
471|344|5225|575015|6007|000|20130131|EUR|0|0,00
471|344|5225|517095|6007|000|20130131|EUR|790,89|0
471|344|5225|422015|6007|000|20130131|EUR|0|7170,22
471|344|5225|422030|6007|000|20130131|EUR|0|1389,72
471|344|5225|422005|6007|000|20130131|EUR|0|635,06
471|344|5225|422020|6007|000|20130131|EUR|0|739,93
471|344|5225|422010|6007|000|20130131|EUR|0|7868,99
471|344|5225|575010|6008|000|20130131|EUR|17,84|0
471|344|5225|575015|6008|000|20130131|EUR|0|0,00
471|344|5225|517095|6008|000|20130131|EUR|274,66|0
471|344|5225|422015|6008|000|20130131|EUR|0|3100,33
471|344|5225|422030|6008|000|20130131|EUR|0|735,79
471|344|5225|422005|6008|000|20130131|EUR|0|234,14
471|344|5225|422020|6008|000|20130131|EUR|0|267,56
471|344|5225|422010|6008|000|20130131|EUR|0|8195,67
471|344|5235|421120|6001|000|20130131|EUR|20817,26|0
471|344|5235|421105|6001|000|20130131|EUR|0|24206,11
471|344|5235|421120|6003|000|20130131|EUR|15197,98|0
471|344|5235|421105|6003|000|20130131|EUR|0|17672,07
471|344|5235|421120|6004|000|20130131|EUR|17316,62|0
471|344|5235|421105|6004|000|20130131|EUR|0|20135,60
471|344|5235|421120|6005|000|20130131|EUR|65307,36|0
471|344|5235|421105|6005|000|20130131|EUR|0|95708,79
471|344|5235|427260|6005|000|20130131|EUR|0|1020,31
471|344|5235|516630|6005|000|20130131|EUR|0|1582,56
471|344|5235|421120|6006|000|20130131|EUR|57606,46|0
471|344|5235|421105|6006|000|20130131|EUR|0|83511,03
471|344|5235|427260|6006|000|20130131|EUR|0|997,60
471|344|5235|516630|6006|000|20130131|EUR|0|1394,39
471|344|5235|421120|6007|000|20130131|EUR|60097,16|0
471|344|5235|421105|6007|000|20130131|EUR|0|68095,22
471|344|5235|427260|6007|000|20130131|EUR|0|1091,23
471|344|5235|516630|6007|000|20130131|EUR|0|1440,54
471|344|5235|421120|6008|000|20130131|EUR|50825,37|0
471|344|5235|421105|6008|000|20130131|EUR|0|77040,28
471|344|5235|427260|6008|000|20130131|EUR|0|875,26
471|344|5235|516630|6008|000|20130131|EUR|0|1237,08
471|344|5240|426115|6001|000|20130131|EUR|0|37,52
471|344|5240|426105|6001|000|20130131|EUR|85,30|0
471|344|5240|426115|6002|000|20130131|EUR|0|21,56
471|344|5240|426105|6002|000|20130131|EUR|49,01|0
471|344|5240|426115|6003|000|20130131|EUR|0|82,60
471|344|5240|426105|6003|000|20130131|EUR|187,74|0
471|344|5240|426115|6004|000|20130131|EUR|0|117,02
471|344|5240|426105|6004|000|20130131|EUR|265,96|0
471|344|5240|426115|6005|000|20130131|EUR|3418,16|0
471|344|5240|426105|6005|000|20130131|EUR|0|7768,54
471|344|5240|427260|6005|000|20130131|EUR|0|807,14
471|344|5240|516630|6005|000|20130131|EUR|0|252,24
471|344|5240|426115|6006|000|20130131|EUR|2472,66|0
471|344|5240|426105|6006|000|20130131|EUR|0|5619,69
471|344|5240|427260|6006|000|20130131|EUR|0|789,18
471|344|5240|516630|6006|000|20130131|EUR|0|187,31
471|344|5240|426115|6007|000|20130131|EUR|3092,19|0
471|344|5240|426105|6007|000|20130131|EUR|0|7027,70
471|344|5240|427260|6007|000|20130131|EUR|0|791,02
471|344|5240|516630|6007|000|20130131|EUR|0|224,15
471|344|5240|426115|6008|000|20130131|EUR|2704,34|0
471|344|5240|426105|6008|000|20130131|EUR|0|6146,22
471|344|5240|427260|6008|000|20130131|EUR|0|608,70
471|344|5240|516630|6008|000|20130131|EUR|0|194,61
471|344|5245|510505|6001|000|20130131|EUR|0|16718,80
471|344|5245|510510|6001|000|20130131|EUR|16718,80|0
471|344|5245|581010|6001|000|20130131|EUR|0,37|0
471|344|5245|510505|6002|000|20130131|EUR|0|7324,80
471|344|5245|510510|6002|000|20130131|EUR|7324,80|0
471|344|5245|510505|6003|000|20130131|EUR|0|21936,60
471|344|5245|510510|6003|000|20130131|EUR|21936,60|0
471|344|5245|581010|6003|000|20130131|EUR|1498,62|0
471|344|5245|510505|6004|000|20130131|EUR|0|20451,20
471|344|5245|510510|6004|000|20130131|EUR|20451,20|0
471|344|5245|510505|6005|000|20130131|EUR|18314,76|0
471|344|5245|510520|6005|000|20130131|EUR|2263,56|0
471|344|5245|510525|6005|000|20130131|EUR|9,50|0
471|344|5245|537020|6005|000|20130131|EUR|22780,80|0
471|344|5245|517095|6005|000|20130131|EUR|3104,20|0
471|344|5245|581010|6005|000|20130131|EUR|1633,67|0
471|344|5245|420505|6005|000|20130131|EUR|0|79152,34
471|344|5245|420520|6005|000|20130131|EUR|0|4578,39
471|344|5245|420517|6005|000|20130131|EUR|0|72,82
471|344|5245|420535|6005|000|20130131|EUR|529,32|0
471|344|5245|510505|6006|000|20130131|EUR|20395,60|0
471|344|5245|510510|6006|000|20130131|EUR|311,12|0
471|344|5245|510520|6006|000|20130131|EUR|890,73|0
471|344|5245|537020|6006|000|20130131|EUR|22440,60|0
471|344|5245|517095|6006|000|20130131|EUR|1386,47|0
471|344|5245|420505|6006|000|20130131|EUR|0|69975,10
471|344|5245|420520|6006|000|20130131|EUR|0|4104,65
471|344|5245|420535|6006|000|20130131|EUR|635,61|0
471|344|5245|510505|6007|000|20130131|EUR|2886,80|0
471|344|5245|510520|6007|000|20130131|EUR|813,64|0
471|344|5245|537020|6007|000|20130131|EUR|22705,20|0
471|344|5245|517095|6007|000|20130131|EUR|1435,03|0
471|344|5245|420505|6007|000|20130131|EUR|0|71106,26
471|344|5245|420520|6007|000|20130131|EUR|0|3843,80
471|344|5245|420517|6007|000|20130131|EUR|0|349,68
471|344|5245|420535|6007|000|20130131|EUR|548,60|0
471|344|5245|510505|6008|000|20130131|EUR|29820,66|0
471|344|5245|510520|6008|000|20130131|EUR|450,77|0
471|344|5245|537020|6008|000|20130131|EUR|17904,60|0
471|344|5245|517095|6008|000|20130131|EUR|307,93|0
471|344|5245|420505|6008|000|20130131|EUR|0|64833,16
471|344|5245|420520|6008|000|20130131|EUR|0|3013,46
471|344|5245|420517|6008|000|20130131|EUR|0|6,32
471|344|5245|420535|6008|000|20130131|EUR|131,25|0
471|344|5245|581010|6042|000|20130131|EUR|0|54,25
471|344|5245|581010|6044|000|20130131|EUR|0|38,75
471|344|5245|581010|6050|000|20130131|EUR|0|90,00
471|344|5245|581010|6058|000|20130131|EUR|0|0,00
471|344|5245|581010|6060|000|20130131|EUR|15,24|0
471|344|5245|581010|6063|000|20130131|EUR|162,35|0
471|344|5245|581010|6064|000|20130131|EUR|0|0,00
471|344|5245|581010|6066|000|20130131|EUR|0|0,00
471|344|5245|581010|6067|000|20130131|EUR|0|0,00
471|344|5245|581010|7707|000|20130131|EUR|434,45|0
471|344|5245|581010|7707|000|20130131|EUR|0|10,08
471|344|5250|421620|6005|000|20130131|EUR|2415,36|0
471|344|5250|517095|6005|000|20130131|EUR|103,40|0
471|344|5250|421605|6005|000|20130131|EUR|0|6240,88
471|344|5250|427260|6005|000|20130131|EUR|0|385,18
471|344|5250|516630|6005|000|20130131|EUR|0|189,70
471|344|5250|421620|6006|000|20130131|EUR|2575,24|0
471|344|5250|517095|6006|000|20130131|EUR|120,21|0
471|344|5250|421605|6006|000|20130131|EUR|0|6806,03
471|344|5250|427260|6006|000|20130131|EUR|0|387,84
471|344|5250|516630|6006|000|20130131|EUR|0|212,94
471|344|5250|421620|6007|000|20130131|EUR|3302,43|0
471|344|5250|517095|6007|000|20130131|EUR|186,00|0
471|344|5250|421605|6007|000|20130131|EUR|0|8435,24
471|344|5250|427260|6007|000|20130131|EUR|0|405,65
471|344|5250|516630|6007|000|20130131|EUR|0|238,87
471|344|5250|421620|6008|000|20130131|EUR|3508,49|0
471|344|5250|517095|6008|000|20130131|EUR|65,27|0
471|344|5250|421605|6008|000|20130131|EUR|0|9043,00
471|344|5250|427260|6008|000|20130131|EUR|0|312,15
471|344|5250|516630|6008|000|20130131|EUR|0|257,25
471|344|5255|421620|6005|000|20130131|EUR|1317,71|0
471|344|5255|421605|6005|000|20130131|EUR|0|2196,20
471|344|5255|421620|6006|000|20130131|EUR|1655,89|0
471|344|5255|421605|6006|000|20130131|EUR|0|2759,82
471|344|5255|421620|6007|000|20130131|EUR|1482,96|0
471|344|5255|421605|6007|000|20130131|EUR|0|2471,60
471|344|5255|421620|6008|000|20130131|EUR|1642,36|0
471|344|5255|421605|6008|000|20130131|EUR|0|2737,27
471|344|5260|423610|0000|000|20130131|EUR|7500,00|0
471|344|5260|580905|0000|000|20130131|EUR|12779,13|0
471|344|5260|423605|0000|000|20130131|EUR|0|19400,00
471|344|5260|513525|6001|000|20130131|EUR|0|587,48
471|344|5260|513525|6002|000|20130131|EUR|0|1480,71
471|344|5260|513525|6003|000|20130131|EUR|0|1019,07
471|344|5260|513525|6004|000|20130131|EUR|0|664,29
471|344|5260|421620|6005|000|20130131|EUR|1350,19|0
471|344|5260|513525|6005|000|20130131|EUR|2624,42|0
471|344|5260|517095|6005|000|20130131|EUR|736,76|0
471|344|5260|423520|6005|000|20130131|EUR|0|2598,31
471|344|5260|421605|6005|000|20130131|EUR|0|1928,84
471|344|5260|423525|6005|000|20130131|EUR|0|6461,75
471|344|5260|423515|6005|000|20130131|EUR|0|2533,91
471|344|5260|421620|6006|000|20130131|EUR|1448,89|0
471|344|5260|513525|6006|000|20130131|EUR|1874,14|0
471|344|5260|517095|6006|000|20130131|EUR|362,62|0
471|344|5260|423520|6006|000|20130131|EUR|0|1853,37
471|344|5260|421605|6006|000|20130131|EUR|0|2069,83
471|344|5260|423525|6006|000|20130131|EUR|0|4511,73
471|344|5260|423515|6006|000|20130131|EUR|0|2073,45
471|344|5260|421620|6007|000|20130131|EUR|1502,58|0
471|344|5260|513525|6007|000|20130131|EUR|1590,84|0
471|344|5260|517095|6007|000|20130131|EUR|436,16|0
471|344|5260|423520|6007|000|20130131|EUR|0|1740,38
471|344|5260|421605|6007|000|20130131|EUR|0|2146,54
471|344|5260|423525|6007|000|20130131|EUR|0|3838,64
471|344|5260|423515|6007|000|20130131|EUR|0|1917,10
471|344|5260|423605|6007|000|20130131|EUR|0|37,89
471|344|5260|421620|6008|000|20130131|EUR|1593,87|0
471|344|5260|513525|6008|000|20130131|EUR|1148,77|0
471|344|5260|517095|6008|000|20130131|EUR|116,67|0
471|344|5260|423520|6008|000|20130131|EUR|0|1402,07
471|344|5260|421605|6008|000|20130131|EUR|0|2276,95
471|344|5260|423525|6008|000|20130131|EUR|0|2742,47
471|344|5260|423515|6008|000|20130131|EUR|0|1082,24
471|344|5260|423605|6008|000|20130131|EUR|0|117,49
471|344|5260|423605|7707|000|20130131|EUR|215,00|0
471|344|5265|531005|3000|000|20130131|EUR|2777,60|0
471|344|5265|532005|3000|000|20130131|EUR|120,97|0
471|344|5265|531046|3000|000|20130131|EUR|2808,00|0
471|344|5265|531005|3001|000|20130131|EUR|8561,26|0
471|344|5265|531010|3001|000|20130131|EUR|9115,88|0
471|344|5265|532005|3001|000|20130131|EUR|0|0,00
471|344|5265|531046|3001|000|20130131|EUR|4462,71|0
471|344|5265|424015|6001|000|20130131|EUR|2713,57|0
471|344|5265|424010|6001|000|20130131|EUR|0|2713,57
471|344|5265|424015|6002|000|20130131|EUR|1548,03|0
471|344|5265|424010|6002|000|20130131|EUR|0|1548,03
471|344|5265|424015|6003|000|20130131|EUR|2176,26|0
471|344|5265|424010|6003|000|20130131|EUR|0|2176,26
471|344|5265|514010|6004|000|20130131|EUR|728,17|0
471|344|5265|581010|6004|000|20130131|EUR|0|728,17
471|344|5265|424015|6004|000|20130131|EUR|3091,93|0
471|344|5265|424010|6004|000|20130131|EUR|0|3091,93
471|344|5265|514010|6005|000|20130131|EUR|616,45|0
471|344|5265|564005|6005|000|20130131|EUR|4381,97|0
471|344|5265|517095|6005|000|20130131|EUR|203,13|0
471|344|5265|424015|6005|000|20130131|EUR|0|305,80
471|344|5265|424010|6005|000|20130131|EUR|0|3862,91
471|344|5265|203301|6006|000|20130131|EUR|76,25|0
471|344|5265|514010|6006|000|20130131|EUR|111,76|0
471|344|5265|564005|6006|000|20130131|EUR|4082,22|0
471|344|5265|517095|6006|000|20130131|EUR|188,85|0
471|344|5265|581020|6006|000|20130131|EUR|3,10|0
471|344|5265|424015|6006|000|20130131|EUR|0|138,87
471|344|5265|424010|6006|000|20130131|EUR|0|2259,70
471|344|5265|514010|6007|000|20130131|EUR|352,19|0
471|344|5265|564005|6007|000|20130131|EUR|3270,20|0
471|344|5265|517095|6007|000|20130131|EUR|128,43|0
471|344|5265|581010|6007|000|20130131|EUR|401,89|0
471|344|5265|424015|6007|000|20130131|EUR|0|207,71
471|344|5265|424010|6007|000|20130131|EUR|0|3072,84
471|344|5265|514010|6008|000|20130131|EUR|186,69|0
471|344|5265|564005|6008|000|20130131|EUR|3359,63|0
471|344|5265|517095|6008|000|20130131|EUR|31,45|0
471|344|5265|424015|6008|000|20130131|EUR|0|124,76
471|344|5265|424010|6008|000|20130131|EUR|0|1767,89
471|344|5280|573010|0000|000|20130131|EUR|27186,36|0
471|344|5280|573005|0000|000|20130131|EUR|184,04|0
471|344|5280|573035|0000|000|20130131|EUR|4374,00|0
471|344|5280|573025|0000|000|20130131|EUR|5752,87|0
471|344|5280|573055|0000|000|20130131|EUR|400,00|0
471|344|5280|573005|6007|000|20130131|EUR|67,77|0
471|344|5280|573055|6007|000|20130131|EUR|182,13|0
471|344|5280|573055|6008|000|20130131|EUR|547,63|0
471|344|5280|573010|7707|000|20130131|EUR|1317,23|0
471|344|5315|572010|0000|000|20130131|EUR|1748,17|0
471|344|5315|516605|0000|000|20130131|EUR|0|54,51
471|344|5315|516605|6001|000|20130131|EUR|0|29,57
471|344|5315|517004|6004|000|20130131|EUR|26,83|0
471|344|5315|517004|6005|000|20130131|EUR|0|3,83
471|344|5315|516605|6005|000|20130131|EUR|2773,45|0
471|344|5315|517095|6005|000|20130131|EUR|5,07|0
471|344|5315|427055|6005|000|20130131|EUR|0|286,38
471|344|5315|427004|6005|000|20130131|EUR|0|760,69
471|344|5315|517004|6006|000|20130131|EUR|1272,67|0
471|344|5315|516605|6006|000|20130131|EUR|3344,39|0
471|344|5315|517095|6006|000|20130131|EUR|33,45|0
471|344|5315|427055|6006|000|20130131|EUR|0|310,35
471|344|5315|427004|6006|000|20130131|EUR|0|734,76
471|344|5315|517004|6007|000|20130131|EUR|0|22,54
471|344|5315|516605|6007|000|20130131|EUR|3246,70|0
471|344|5315|517095|6007|000|20130131|EUR|28,95|0
471|344|5315|427055|6007|000|20130131|EUR|0|365,26
471|344|5315|427004|6007|000|20130131|EUR|0|889,64
471|344|5315|517004|6008|000|20130131|EUR|0|7,43
471|344|5315|516605|6008|000|20130131|EUR|2366,52|0
471|344|5315|427055|6008|000|20130131|EUR|0|112,52
471|344|5315|427004|6008|000|20130131|EUR|0|423,86
471|344|5315|516605|6010|000|20130131|EUR|0|0,00
471|344|5315|516605|6014|000|20130131|EUR|0|0,00
471|344|5315|516605|6017|000|20130131|EUR|29,57|0
471|344|5315|516605|6018|000|20130131|EUR|0|0,00
471|344|5315|516605|6019|000|20130131|EUR|0|0,00
471|344|5315|516605|6022|000|20130131|EUR|0|0,00
471|344|5315|516605|6025|000|20130131|EUR|0|0,00
471|344|5315|516605|6028|000|20130131|EUR|0|0,00
471|344|5315|516605|6039|000|20130131|EUR|0|0,00
471|344|5315|516605|6043|000|20130131|EUR|0|0,00
471|344|5360|573075|0000|000|20130131|EUR|4747,88|0
471|344|5500|535005|0000|000|20130131|EUR|2168,97|0
471|345|0000|118504|0000|000|20130131|EUR|0|117636,58
471|345|0000|118510|0000|000|20130131|EUR|0|0,00
471|345|0000|118519|0000|472|20130131|EUR|348701,79|0
471|345|0000|203301|0000|000|20130131|EUR|138341,18|0
471|345|0000|203301|0000|000|20130131|EUR|34315,77|0
471|345|0000|203301|0000|000|20130131|EUR|0|17473,23
471|345|0000|203301|0000|000|20130131|EUR|0|26386,48
471|345|0000|203301|0000|000|20130131|EUR|0|1249,75
471|345|0000|203301|0000|000|20130131|EUR|0|72648,59
471|345|0000|203301|0000|000|20130131|EUR|8403,61|0
471|345|0000|203301|0000|000|20130131|EUR|0|492,55
471|345|0000|203301|0000|000|20130131|EUR|1284,03|0
471|345|0000|140101|0000|000|20130131|EUR|0|32999,76
471|345|0000|140111|0000|000|20130131|EUR|0|5397,99
471|345|0000|140107|0000|000|20130131|EUR|0|865,42
471|345|0000|143001|0000|000|20130131|EUR|3277,26|0
471|345|0000|230113|0000|000|20130131|EUR|6,44|0
471|345|0000|539550|0000|000|20130131|EUR|0|0,00
471|345|0000|514010|0000|000|20130131|EUR|0|0,00
471|345|0000|134007|0000|000|20130131|EUR|336,32|0
471|345|0000|156101|0000|000|20130131|EUR|0|223618,84
471|345|0000|158504|0000|000|20130131|EUR|0|2348,58
471|345|0000|573010|0000|000|20130131|EUR|0|19,17
471|345|0000|211507|3000|000|20130131|EUR|93502,75|0
471|345|0000|211507|3001|000|20130131|EUR|6403,45|0
471|345|0000|134007|6005|000|20130131|EUR|0|10284,45
471|345|0000|134019|6005|000|20130131|EUR|0|10105,08
471|345|0000|134007|6006|000|20130131|EUR|0|30685,64
471|345|0000|134019|6006|000|20130131|EUR|15056,70|0
471|345|0000|134007|6008|000|20130131|EUR|0|15676,28
471|345|0000|134019|6008|000|20130131|EUR|0|1367,81
471|345|0000|133005|6008|000|20130131|EUR|0|0,00
471|345|0000|134007|6027|000|20130131|EUR|0|336,32
471|345|2835|711025|0000|000|20130131|EUR|2348,58|0
471|345|2835|711010|0000|000|20130131|EUR|223618,84|0
471|345|5000|534010|0000|000|20130131|EUR|1787,64|0
471|345|5000|533505|0000|000|20130131|EUR|152,98|0
471|345|5000|535020|0000|000|20130131|EUR|13193,24|0
471|345|5000|532010|0000|000|20130131|EUR|4473,08|0
471|345|5000|531005|3000|000|20130131|EUR|88777,17|0
471|345|5000|531010|3000|000|20130131|EUR|1030,33|0
471|345|5000|531070|3000|000|20130131|EUR|0|0,00
471|345|5000|531075|3000|000|20130131|EUR|0|0,00
471|345|5000|532005|3000|000|20130131|EUR|7726,33|0
471|345|5000|534010|3001|000|20130131|EUR|332,84|0
471|345|5000|531005|3001|000|20130131|EUR|43981,86|0
471|345|5000|531010|3001|000|20130131|EUR|7801,64|0
471|345|5000|534010|7707|000|20130131|EUR|0|300,84
471|345|5000|531075|7707|000|20130131|EUR|49,15|0
471|345|5100|534010|0000|000|20130131|EUR|0|4368,08
471|345|5100|533505|0000|000|20130131|EUR|152,98|0
471|345|5100|535020|0000|000|20130131|EUR|13193,24|0
471|345|5100|532010|0000|000|20130131|EUR|6544,22|0
471|345|5100|532505|0000|000|20130131|EUR|3906,30|0
471|345|5100|531005|3000|000|20130131|EUR|82580,25|0
471|345|5100|531010|3000|000|20130131|EUR|1280,00|0
471|345|5100|531070|3000|000|20130131|EUR|1898,10|0
471|345|5100|531075|3000|000|20130131|EUR|707,66|0
471|345|5100|532005|3000|000|20130131|EUR|0|1020,75
471|345|5100|534010|3001|000|20130131|EUR|311,03|0
471|345|5100|531005|3001|000|20130131|EUR|36709,53|0
471|345|5100|531010|3001|000|20130131|EUR|3632,26|0
471|345|5100|532005|3001|000|20130131|EUR|0|520,23
471|345|5100|544506|6005|000|20130131|EUR|4700,02|0
471|345|5100|580610|6005|000|20130131|EUR|1257,42|0
471|345|5100|555005|6005|000|20130131|EUR|6216,12|0
471|345|5100|555505|6005|000|20130131|EUR|1753,00|0
471|345|5100|556020|6005|000|20130131|EUR|288,47|0
471|345|5100|556030|6005|000|20130131|EUR|83,81|0
471|345|5100|556010|6005|000|20130131|EUR|46,34|0
471|345|5100|544506|6006|000|20130131|EUR|4700,02|0
471|345|5100|580610|6006|000|20130131|EUR|1257,42|0
471|345|5100|555005|6006|000|20130131|EUR|6216,10|0
471|345|5100|555505|6006|000|20130131|EUR|1752,98|0
471|345|5100|556020|6006|000|20130131|EUR|288,47|0
471|345|5100|556030|6006|000|20130131|EUR|83,81|0
471|345|5100|556010|6006|000|20130131|EUR|46,34|0
471|345|5100|544506|6008|000|20130131|EUR|4700,02|0
471|345|5100|580610|6008|000|20130131|EUR|1257,42|0
471|345|5100|555005|6008|000|20130131|EUR|6216,10|0
471|345|5100|555505|6008|000|20130131|EUR|1752,99|0
471|345|5100|556020|6008|000|20130131|EUR|288,47|0
471|345|5100|556030|6008|000|20130131|EUR|83,81|0
471|345|5100|556010|6008|000|20130131|EUR|46,34|0
471|345|5100|580610|7707|000|20130131|EUR|0|0,44
471|345|5100|531075|7707|000|20130131|EUR|0|7847,13
471|345|5100|532505|7707|000|20130131|EUR|4418,13|0
471|345|5200|534010|0000|000|20130131|EUR|10,34|0
471|345|5200|235705|6005|462|20130131|EUR|0|48,90
471|345|5200|531044|6005|000|20130131|EUR|0|0,00
471|345|5200|531044|6006|000|20130131|EUR|0|0,00
471|345|5200|531044|6008|000|20130131|EUR|0|0,00
471|345|5220|535005|3000|000|20130131|EUR|58,84|0
471|345|5220|513005|6004|000|20130131|EUR|270,90|0
471|345|5220|513005|6005|000|20130131|EUR|67072,21|0
471|345|5220|517095|6005|000|20130131|EUR|7878,11|0
471|345|5220|423005|6005|000|20130131|EUR|0|94973,98
471|345|5220|513005|6006|000|20130131|EUR|63417,08|0
471|345|5220|517095|6006|000|20130131|EUR|6593,82|0
471|345|5220|423005|6006|000|20130131|EUR|0|90389,87
471|345|5220|513005|6008|000|20130131|EUR|50134,76|0
471|345|5220|517095|6008|000|20130131|EUR|6865,47|0
471|345|5220|423005|6008|000|20130131|EUR|0|86637,11
471|345|5220|230113|6019|000|20130131|EUR|0|117,99
471|345|5220|230113|6019|000|20130131|EUR|0|1062,06
471|345|5220|203301|6041|000|20130131|EUR|0|3459,04
471|345|5220|230113|6052|000|20130131|EUR|0|50,86
471|345|5220|230113|6052|000|20130131|EUR|0|457,75
471|345|5220|513005|7707|000|20130131|EUR|0|0,19
471|345|5225|574030|0000|000|20130131|EUR|22,00|0
471|345|5225|575010|6004|000|20130131|EUR|103,87|0
471|345|5225|517095|6005|000|20130131|EUR|607,37|0
471|345|5225|422015|6005|000|20130131|EUR|0|8311,78
471|345|5225|422030|6005|000|20130131|EUR|0|2605,80
471|345|5225|422005|6005|000|20130131|EUR|0|449,45
471|345|5225|422010|6005|000|20130131|EUR|0|8318,44
471|345|5225|575015|6006|000|20130131|EUR|0|0,00
471|345|5225|517095|6006|000|20130131|EUR|735,73|0
471|345|5225|422015|6006|000|20130131|EUR|0|5783,93
471|345|5225|422030|6006|000|20130131|EUR|0|2158,44
471|345|5225|422005|6006|000|20130131|EUR|0|535,11
471|345|5225|422010|6006|000|20130131|EUR|0|7949,67
471|345|5225|517095|6008|000|20130131|EUR|746,16|0
471|345|5225|422015|6008|000|20130131|EUR|0|6971,07
471|345|5225|422030|6008|000|20130131|EUR|0|1135,43
471|345|5225|422005|6008|000|20130131|EUR|0|321,67
471|345|5225|422010|6008|000|20130131|EUR|0|7277,64
471|345|5235|421120|6002|000|20130131|EUR|0|16679,73
471|345|5235|421105|6002|000|20130131|EUR|19395,04|0
471|345|5235|421120|6003|000|20130131|EUR|15767,92|0
471|345|5235|421105|6003|000|20130131|EUR|0|18334,79
471|345|5235|421120|6004|000|20130131|EUR|4300,36|0
471|345|5235|421105|6004|000|20130131|EUR|0|5000,42
471|345|5235|421120|6005|000|20130131|EUR|149254,06|0
471|345|5235|421105|6005|000|20130131|EUR|0|226075,50
471|345|5235|427260|6005|000|20130131|EUR|0|1580,70
471|345|5235|516630|6005|000|20130131|EUR|0|3674,07
471|345|5235|421120|6006|000|20130131|EUR|115319,38|0
471|345|5235|421105|6006|000|20130131|EUR|0|167674,17
471|345|5235|427260|6006|000|20130131|EUR|0|1548,00
471|345|5235|516630|6006|000|20130131|EUR|0|2799,45
471|345|5235|421120|6008|000|20130131|EUR|103833,26|0
471|345|5235|421105|6008|000|20130131|EUR|0|151825,49
471|345|5235|427260|6008|000|20130131|EUR|0|1550,68
471|345|5235|516630|6008|000|20130131|EUR|0|2536,52
471|345|5240|426115|6001|000|20130131|EUR|0|14,39
471|345|5240|426105|6001|000|20130131|EUR|32,73|0
471|345|5240|426115|6002|000|20130131|EUR|0|115,81
471|345|5240|426105|6002|000|20130131|EUR|263,20|0
471|345|5240|426115|6003|000|20130131|EUR|0|52,02
471|345|5240|426105|6003|000|20130131|EUR|118,23|0
471|345|5240|426115|6004|000|20130131|EUR|0|66,29
471|345|5240|426105|6004|000|20130131|EUR|150,66|0
471|345|5240|426115|6005|000|20130131|EUR|2097,15|0
471|345|5240|426105|6005|000|20130131|EUR|0|4766,27
471|345|5240|427260|6005|000|20130131|EUR|0|537,23
471|345|5240|516630|6005|000|20130131|EUR|0|163,02
471|345|5240|426115|6006|000|20130131|EUR|944,00|0
471|345|5240|426105|6006|000|20130131|EUR|0|2145,45
471|345|5240|427260|6006|000|20130131|EUR|0|428,69
471|345|5240|516630|6006|000|20130131|EUR|0|69,10
471|345|5240|426115|6008|000|20130131|EUR|1325,78|0
471|345|5240|426105|6008|000|20130131|EUR|0|3013,11
471|345|5240|427260|6008|000|20130131|EUR|0|575,83
471|345|5240|516630|6008|000|20130131|EUR|0|102,55
471|345|5245|534010|0000|000|20130131|EUR|1,15|0
471|345|5245|510505|6001|000|20130131|EUR|0|7211,40
471|345|5245|510510|6001|000|20130131|EUR|7211,40|0
471|345|5245|510505|6002|000|20130131|EUR|0|14868,00
471|345|5245|510510|6002|000|20130131|EUR|14868,00|0
471|345|5245|510505|6003|000|20130131|EUR|0|15610,00
471|345|5245|510510|6003|000|20130131|EUR|15610,00|0
471|345|5245|581010|6003|000|20130131|EUR|548,98|0
471|345|5245|581010|6003|000|20130131|EUR|0|329,04
471|345|5245|510505|6004|000|20130131|EUR|0|17173,80
471|345|5245|510510|6004|000|20130131|EUR|17173,80|0
471|345|5245|581010|6004|000|20130131|EUR|104,97|0
471|345|5245|510505|6005|000|20130131|EUR|19087,19|0
471|345|5245|510510|6005|000|20130131|EUR|474,27|0
471|345|5245|510520|6005|000|20130131|EUR|886,49|0
471|345|5245|510525|6005|000|20130131|EUR|0|0,70
471|345|5245|576005|6005|000|20130131|EUR|419,17|0
471|345|5245|537020|6005|000|20130131|EUR|20666,80|0
471|345|5245|517095|6005|000|20130131|EUR|11737,70|0
471|345|5245|581010|6005|000|20130131|EUR|126,49|0
471|345|5245|420505|6005|000|20130131|EUR|0|88139,75
471|345|5245|420520|6005|000|20130131|EUR|0|6372,73
471|345|5245|420517|6005|000|20130131|EUR|0|244,89
471|345|5245|420535|6005|000|20130131|EUR|620,38|0
471|345|5245|510505|6006|000|20130131|EUR|14439,62|0
471|345|5245|510510|6006|000|20130131|EUR|120,01|0
471|345|5245|510520|6006|000|20130131|EUR|896,05|0
471|345|5245|510525|6006|000|20130131|EUR|18,60|0
471|345|5245|576005|6006|000|20130131|EUR|397,74|0
471|345|5245|537020|6006|000|20130131|EUR|21060,01|0
471|345|5245|517095|6006|000|20130131|EUR|7122,63|0
471|345|5245|420505|6006|000|20130131|EUR|0|65420,50
471|345|5245|420520|6006|000|20130131|EUR|0|5377,39
471|345|5245|420517|6006|000|20130131|EUR|0|599,57
471|345|5245|420535|6006|000|20130131|EUR|532,56|0
471|345|5245|510505|6008|000|20130131|EUR|14994,57|0
471|345|5245|510510|6008|000|20130131|EUR|181,56|0
471|345|5245|510520|6008|000|20130131|EUR|1146,41|0
471|345|5245|510525|6008|000|20130131|EUR|0|138,01
471|345|5245|576005|6008|000|20130131|EUR|411,94|0
471|345|5245|537020|6008|000|20130131|EUR|20412,00|0
471|345|5245|517095|6008|000|20130131|EUR|5221,77|0
471|345|5245|420505|6008|000|20130131|EUR|0|58553,34
471|345|5245|420520|6008|000|20130131|EUR|0|4405,75
471|345|5245|420535|6008|000|20130131|EUR|590,83|0
471|345|5245|230195|6021|000|20130131|EUR|0|203,64
471|345|5245|581010|6035|000|20130131|EUR|0|38,75
471|345|5245|581010|6036|000|20130131|EUR|0|80,00
471|345|5245|581010|6038|000|20130131|EUR|0|150,00
471|345|5245|581010|6044|000|20130131|EUR|229,08|0
471|345|5245|581010|6045|000|20130131|EUR|103,74|0
471|345|5245|581010|6046|000|20130131|EUR|93,10|0
471|345|5245|581010|6048|000|20130131|EUR|0|0,00
471|345|5245|581010|6049|000|20130131|EUR|0|0,00
471|345|5245|581010|6051|000|20130131|EUR|0|0,00
471|345|5245|581010|7707|000|20130131|EUR|1109,79|0
471|345|5245|581010|7707|000|20130131|EUR|0|7,90
471|345|5250|421620|6005|000|20130131|EUR|3868,55|0
471|345|5250|517095|6005|000|20130131|EUR|751,73|0
471|345|5250|421605|6005|000|20130131|EUR|0|10334,65
471|345|5250|427260|6005|000|20130131|EUR|0|464,91
471|345|5250|516630|6005|000|20130131|EUR|0|307,73
471|345|5250|421620|6006|000|20130131|EUR|3232,95|0
471|345|5250|517095|6006|000|20130131|EUR|240,79|0
471|345|5250|421605|6006|000|20130131|EUR|0|8609,26
471|345|5250|427260|6006|000|20130131|EUR|0|455,29
471|345|5250|516630|6006|000|20130131|EUR|0|288,26
471|345|5250|421620|6008|000|20130131|EUR|3096,22|0
471|345|5250|517095|6008|000|20130131|EUR|301,51|0
471|345|5250|421605|6008|000|20130131|EUR|0|8364,76
471|345|5250|427260|6008|000|20130131|EUR|0|405,41
471|345|5250|516630|6008|000|20130131|EUR|0|304,59
471|345|5255|421620|6005|000|20130131|EUR|2235,26|0
471|345|5255|421605|6005|000|20130131|EUR|0|3725,45
471|345|5255|421620|6006|000|20130131|EUR|2668,16|0
471|345|5255|421605|6006|000|20130131|EUR|0|4446,92
471|345|5255|421620|6008|000|20130131|EUR|3484,01|0
471|345|5255|421605|6008|000|20130131|EUR|0|5806,69
471|345|5260|423610|0000|000|20130131|EUR|7500,00|0
471|345|5260|580905|0000|000|20130131|EUR|10023,71|0
471|345|5260|423605|0000|000|20130131|EUR|0|19400,00
471|345|5260|513525|6001|000|20130131|EUR|0|1664,60
471|345|5260|513525|6002|000|20130131|EUR|0|1010,29
471|345|5260|513525|6003|000|20130131|EUR|0|508,24
471|345|5260|513525|6004|000|20130131|EUR|0|1748,68
471|345|5260|421620|6005|000|20130131|EUR|1929,01|0
471|345|5260|513525|6005|000|20130131|EUR|2527,91|0
471|345|5260|517095|6005|000|20130131|EUR|548,45|0
471|345|5260|423505|6005|000|20130131|EUR|0|122,45
471|345|5260|423520|6005|000|20130131|EUR|0|1763,61
471|345|5260|421605|6005|000|20130131|EUR|0|2755,73
471|345|5260|423525|6005|000|20130131|EUR|0|6214,13
471|345|5260|423515|6005|000|20130131|EUR|0|1540,14
471|345|5260|423605|6005|000|20130131|EUR|0|327,85
471|345|5260|421620|6006|000|20130131|EUR|1886,99|0
471|345|5260|513525|6006|000|20130131|EUR|1911,50|0
471|345|5260|517095|6006|000|20130131|EUR|333,66|0
471|345|5260|423505|6006|000|20130131|EUR|0|284,79
471|345|5260|423520|6006|000|20130131|EUR|0|2603,13
471|345|5260|421605|6006|000|20130131|EUR|0|2695,70
471|345|5260|423525|6006|000|20130131|EUR|0|4601,66
471|345|5260|423515|6006|000|20130131|EUR|0|1180,09
471|345|5260|423605|6006|000|20130131|EUR|0|171,37
471|345|5260|421620|6008|000|20130131|EUR|1731,26|0
471|345|5260|513525|6008|000|20130131|EUR|1656,22|0
471|345|5260|517095|6008|000|20130131|EUR|233,37|0
471|345|5260|423505|6008|000|20130131|EUR|0|513,38
471|345|5260|423520|6008|000|20130131|EUR|0|1678,90
471|345|5260|421605|6008|000|20130131|EUR|0|2473,23
471|345|5260|423525|6008|000|20130131|EUR|0|3987,11
471|345|5260|423515|6008|000|20130131|EUR|0|1007,01
471|345|5260|423605|6008|000|20130131|EUR|0|147,19
471|345|5260|423605|7707|000|20130131|EUR|1375,00|0
471|345|5265|531005|3000|000|20130131|EUR|4827,00|0
471|345|5265|532005|3000|000|20130131|EUR|127,00|0
471|345|5265|531046|3000|000|20130131|EUR|4383,50|0
471|345|5265|531005|3001|000|20130131|EUR|5188,63|0
471|345|5265|532005|3001|000|20130131|EUR|0|123,59
471|345|5265|531046|3001|000|20130131|EUR|12173,81|0
471|345|5265|424015|6001|000|20130131|EUR|698,04|0
471|345|5265|424010|6001|000|20130131|EUR|0|698,04
471|345|5265|424015|6002|000|20130131|EUR|1220,11|0
471|345|5265|424010|6002|000|20130131|EUR|0|1220,11
471|345|5265|424015|6003|000|20130131|EUR|1000,87|0
471|345|5265|424010|6003|000|20130131|EUR|0|1000,87
471|345|5265|514010|6004|000|20130131|EUR|18835,15|0
471|345|5265|581010|6004|000|20130131|EUR|0|18835,15
471|345|5265|424015|6004|000|20130131|EUR|1407,89|0
471|345|5265|424010|6004|000|20130131|EUR|0|1407,89
471|345|5265|514010|6005|000|20130131|EUR|336,78|0
471|345|5265|564005|6005|000|20130131|EUR|5122,18|0
471|345|5265|517095|6005|000|20130131|EUR|190,86|0
471|345|5265|581020|6005|000|20130131|EUR|3686,78|0
471|345|5265|581010|6005|000|20130131|EUR|959,34|0
471|345|5265|424015|6005|000|20130131|EUR|0|322,04
471|345|5265|424010|6005|000|20130131|EUR|0|2254,30
471|345|5265|514010|6006|000|20130131|EUR|121,16|0
471|345|5265|564005|6006|000|20130131|EUR|2503,37|0
471|345|5265|517095|6006|000|20130131|EUR|77,34|0
471|345|5265|581020|6006|000|20130131|EUR|476,52|0
471|345|5265|581010|6006|000|20130131|EUR|0|216,42
471|345|5265|424015|6006|000|20130131|EUR|0|365,67
471|345|5265|424010|6006|000|20130131|EUR|0|1427,15
471|345|5265|514010|6008|000|20130131|EUR|65,36|0
471|345|5265|564005|6008|000|20130131|EUR|1302,45|0
471|345|5265|517095|6008|000|20130131|EUR|34,74|0
471|345|5265|424015|6008|000|20130131|EUR|0|215,51
471|345|5265|424010|6008|000|20130131|EUR|0|813,57
471|345|5280|573010|0000|000|20130131|EUR|133611,49|0
471|345|5280|573035|0000|000|20130131|EUR|2160,00|0
471|345|5280|573025|0000|000|20130131|EUR|9584,94|0
471|345|5280|573055|0000|000|20130131|EUR|400,00|0
471|345|5280|573060|6005|000|20130131|EUR|1098,19|0
471|345|5280|573010|7707|000|20130131|EUR|185,20|0
471|345|5315|121910|0000|000|20130131|EUR|0|25,96
471|345|5315|572010|0000|000|20130131|EUR|1749,75|0
471|345|5315|516605|0000|000|20130131|EUR|0|29,02
471|345|5315|517004|6004|000|20130131|EUR|103,31|0
471|345|5315|517004|6005|000|20130131|EUR|0|77,30
471|345|5315|516605|6005|000|20130131|EUR|3575,35|0
471|345|5315|517095|6005|000|20130131|EUR|29,82|0
471|345|5315|427055|6005|000|20130131|EUR|0|477,36
471|345|5315|427004|6005|000|20130131|EUR|0|557,13
471|345|5315|517004|6006|000|20130131|EUR|0|22,48
471|345|5315|516605|6006|000|20130131|EUR|2943,19|0
471|345|5315|517095|6006|000|20130131|EUR|195,27|0
471|345|5315|427055|6006|000|20130131|EUR|0|203,28
471|345|5315|427004|6006|000|20130131|EUR|0|167,88
471|345|5315|517004|6008|000|20130131|EUR|0|93,68
471|345|5315|516605|6008|000|20130131|EUR|2726,14|0
471|345|5315|517095|6008|000|20130131|EUR|9,04|0
471|345|5315|427055|6008|000|20130131|EUR|0|211,02
471|345|5315|427004|6008|000|20130131|EUR|0|125,16
471|345|5315|516605|6021|000|20130131|EUR|0|0,00
471|345|5315|516605|6052|000|20130131|EUR|0|0,00
471|345|5500|535005|0000|000|20130131|EUR|2168,97|0
471|370|0000|118521|0000|000|20130131|EUR|6851,71|0
471|370|0000|581005|0000|000|20130131|EUR|0|15,79
471|370|5005|552015|0000|000|20130131|EUR|8502,99|0
471|447|0000|118504|0000|000|20130131|EUR|0|40441,32
471|447|0000|118507|0000|000|20130131|EUR|0|2471,23
471|447|0000|118521|0000|000|20130131|EUR|0|46,51
471|447|0000|118519|0000|472|20130131|EUR|19803,13|0
471|447|0000|103708|0000|000|20130131|EUR|158927,37|0
471|447|0000|101605|0000|000|20130131|EUR|0|253117,81
471|447|0000|103724|0000|000|20130131|EUR|0|15,35
471|447|0000|101615|0000|000|20130131|EUR|0|24,59
471|447|0000|101609|0000|000|20130131|EUR|0|688,32
471|447|0000|103717|0000|000|20130131|EUR|0|112,20
471|447|0000|121904|0000|000|20130131|EUR|0|4019,45
471|447|0000|121910|0000|000|20130131|EUR|0|294388,57
471|447|0000|123801|0000|000|20130131|EUR|59561,06|0
471|447|0000|202501|0000|000|20130131|EUR|0|304365,32
471|447|0000|211504|0000|000|20130131|EUR|0|0,03
471|447|0000|211507|0000|000|20130131|EUR|0|2099,53
471|447|0000|127504|0000|000|20130131|EUR|0|1779,23
471|447|0000|220107|0000|000|20130131|EUR|310,76|0
471|447|0000|211801|0000|000|20130131|EUR|290,18|0
471|447|0000|125003|0000|000|20130131|EUR|819,55|0
471|447|0000|211801|0000|000|20130131|EUR|1450,43|0
471|447|0000|123898|0000|000|20130131|EUR|0|3312,32
471|447|0000|203301|0000|000|20130131|EUR|0|2701,65
471|447|0000|203301|0000|000|20130131|EUR|0|1032,39
471|447|0000|203301|0000|000|20130131|EUR|92,33|0
471|447|0000|203301|0000|000|20130131|EUR|3684,40|0
471|447|0000|203301|0000|000|20130131|EUR|0|0,00
471|447|0000|203301|0000|000|20130131|EUR|0|10241,89
471|447|0000|203301|0000|000|20130131|EUR|1622,24|0
471|447|0000|203301|0000|000|20130131|EUR|0|2394,65
471|447|0000|203301|0000|000|20130131|EUR|9,48|0
471|447|0000|203301|0000|000|20130131|EUR|6396,85|0
471|447|0000|203301|0000|000|20130131|EUR|0|977,10
471|447|0000|210401|0000|000|20130131|EUR|18,82|0
471|447|0000|205099|0000|000|20130131|EUR|0|0,00
471|447|0000|235715|0000|330|20130131|EUR|0|708103,06
471|447|0000|235715|0000|331|20130131|EUR|0|34141,45
471|447|0000|123301|0000|000|20130131|EUR|0|17887,80
471|447|0000|123307|0000|000|20130131|EUR|0|23766,97
471|447|0000|123801|0000|000|20130131|EUR|12,86|0
471|447|0000|235705|0000|285|20130131|EUR|0|5483,25
471|447|0000|235705|0000|433|20130131|EUR|10779,92|0
471|447|0000|235705|0000|462|20130131|EUR|0|1510094,04
471|447|0000|235705|0000|464|20130131|EUR|96533,75|0
471|447|0000|235708|0000|474|20130131|EUR|45174,14|0
471|447|0000|203001|0000|000|20130131|EUR|59951,17|0
471|447|0000|203001|0000|000|20130131|EUR|53754,23|0
471|447|0000|203001|0000|000|20130131|EUR|1058131,72|0
471|447|0000|203001|0000|000|20130131|EUR|21417,26|0
471|447|0000|235705|0000|201|20130131|EUR|0|5931,67
471|447|0000|235705|0000|285|20130131|EUR|96946,92|0
471|447|0000|235705|0000|331|20130131|EUR|0|0,00
471|447|0000|235705|0000|433|20130131|EUR|750428,63|0
471|447|0000|235705|0000|461|20130131|EUR|33067,63|0
471|447|0000|235705|0000|462|20130131|EUR|162104,67|0
471|447|0000|235705|0000|464|20130131|EUR|0|8213,15
471|447|0000|235705|0000|472|20130131|EUR|0|46,44
471|447|0000|235708|0000|474|20130131|EUR|0|23,49
471|447|0000|143001|0000|000|20130131|EUR|3677,67|0
471|447|0000|158301|0000|000|20130131|EUR|0|1247,48
471|447|0000|648505|0000|000|20130131|EUR|120,00|0
471|447|0000|652520|0000|000|20130131|EUR|50,00|0
471|447|0000|629005|0000|000|20130131|EUR|100,00|0
471|447|0000|211507|3000|000|20130131|EUR|0|71764,44
471|447|0000|211507|3001|000|20130131|EUR|0|228763,31
471|447|0000|118519|3010|000|20130131|EUR|0|0,00
471|447|0000|125002|3362|000|20130131|EUR|0|37,82
471|447|0000|125003|3366|000|20130131|EUR|819,15|0
471|447|0000|125003|3366|000|20130131|EUR|5,16|0
471|447|0000|125002|3366|000|20130131|EUR|0|819,15
471|447|0000|125003|3396|000|20130131|EUR|65848,12|0
471|447|0000|125003|3396|000|20130131|EUR|21304,66|0
471|447|0000|125003|3396|000|20130131|EUR|9990,44|0
471|447|0000|125002|3396|000|20130131|EUR|0|230,60
471|447|0000|125002|3396|000|20130131|EUR|0|50986,33
471|447|0000|125002|3396|000|20130131|EUR|0|65848,12
471|447|0000|125002|3396|000|20130131|EUR|0|10228,04
471|447|0000|211504|4235|000|20130131|EUR|85,49|0
471|447|0000|121910|5101|000|20130131|EUR|86,14|0
471|447|0000|123307|5101|000|20130131|EUR|1472,00|0
471|447|0000|203001|6903|000|20130131|EUR|0|54115,42
471|447|0000|203001|6903|000|20130131|EUR|0|927045,38
471|447|0000|203001|6903|000|20130131|EUR|0|24583,04
471|447|0000|127504|7204|000|20130131|EUR|0|2841,57
471|447|0000|123898|7453|000|20130131|EUR|0|58200,00
471|447|0000|203301|7453|000|20130131|EUR|0|109379,27
471|447|0000|235705|7453|462|20130131|EUR|38711,03|0
471|447|0000|235705|7453|464|20130131|EUR|99146,72|0
471|447|0000|235705|7453|201|20130131|EUR|0|756,77
471|447|0000|235705|7453|433|20130131|EUR|2615,33|0
471|447|0000|235705|7453|461|20130131|EUR|0|726,83
471|447|0000|235705|7453|462|20130131|EUR|778,55|0
471|447|0000|235705|7453|472|20130131|EUR|0|1111,85
471|447|0000|123898|7633|000|20130131|EUR|1640,34|0
471|447|0000|211831|8514|000|20130131|EUR|10719,72|0
471|447|0000|211831|8516|000|20130131|EUR|8099,67|0
471|447|0000|211831|8517|000|20130131|EUR|0|2953,73
471|447|0000|235705|8563|433|20130131|EUR|0|664103,68
471|447|0000|235705|8563|433|20130131|EUR|0|30000,00
471|447|1925|640510|0000|000|20130131|EUR|6661,94|0
471|447|2230|651005|0000|000|20130131|EUR|8,48|0
471|447|2230|621005|0000|000|20130131|EUR|8149,87|0
471|447|2230|626505|0000|000|20130131|EUR|538,44|0
471|447|2230|621010|0000|000|20130131|EUR|1860,01|0
471|447|2230|624005|0000|000|20130131|EUR|2415,19|0
471|447|2230|621005|4235|000|20130131|EUR|724,03|0
471|447|2835|711055|0000|000|20130131|EUR|1247,48|0
471|447|2840|103724|0000|000|20130131|EUR|15,35|0
471|447|2840|101615|0000|000|20130131|EUR|24,59|0
471|447|2840|203301|0000|000|20130131|EUR|0|270,00
471|447|2840|640020|0000|000|20130131|EUR|875,00|0
471|447|2840|641550|0000|201|20130131|EUR|6671,11|0
471|447|2840|633505|0000|000|20130131|EUR|1850,00|0
471|447|2840|634505|0000|000|20130131|EUR|3563,28|0
471|447|2840|652520|0000|000|20130131|EUR|250,00|0
471|447|2840|576505|0000|000|20130131|EUR|0|0,00
471|447|2840|640510|0000|000|20130131|EUR|3840,00|0
471|447|2840|651005|0000|000|20130131|EUR|1826,59|0
471|447|2840|638005|0000|000|20130131|EUR|503,82|0
471|447|2840|638025|0000|000|20130131|EUR|205,27|0
471|447|2840|652520|0000|000|20130131|EUR|135,00|0
471|447|2840|652520|0000|000|20130131|EUR|4,00|0
471|447|2840|647505|0000|000|20130131|EUR|2100,00|0
471|447|2840|629505|0000|000|20130131|EUR|153,05|0
471|447|2840|647510|0000|000|20130131|EUR|147,34|0
471|447|2840|624520|0000|000|20130131|EUR|80,79|0
471|447|2840|650505|0000|000|20130131|EUR|1284,04|0
471|447|2840|725022|0000|000|20130131|EUR|64126,92|0
471|447|2840|725022|0000|000|20130131|EUR|4443,12|0
471|447|2840|725022|0000|000|20130131|EUR|0|90475,89
471|447|2840|725022|0000|000|20130131|EUR|3568,01|0
471|447|2840|725007|0000|000|20130131|EUR|549,99|0
471|447|2840|723005|0000|330|20130131|EUR|708103,06|0
471|447|2840|723005|0000|331|20130131|EUR|34141,45|0
471|447|2840|723005|0000|433|20130131|EUR|48,92|0
471|447|2840|723005|0000|461|20130131|EUR|726,83|0
471|447|2840|722015|0000|000|20130131|EUR|155,32|0
471|447|2840|725052|0000|000|20130131|EUR|60241,66|0
471|447|2840|725051|0000|000|20130131|EUR|0|27706,94
471|447|2840|725021|0000|000|20130131|EUR|0|144249,83
471|447|2840|725021|0000|000|20130131|EUR|0|31650,80
471|447|2840|725006|0000|000|20130131|EUR|0|422,71
471|447|2840|723010|0000|433|20130131|EUR|0|34,00
FT|1348|12376298,05|12376298,05
